ccr:0.5
deadline_alpha:0.0
application_average_interval:150
success_number:[0.0, 0.888]
total_cost:[0.0, 25149844.0944945]
normalized_cost:[0.0, 40.46467144354971]
