ccr:0.5
deadline_alpha:0.0
application_average_interval:150
success_number:[0.0, 0.924]
total_cost:[0.0, 3953326.0181116876]
normalized_cost:[0.0, 22.190000213444563]
ccr:0.5
deadline_alpha:0.05
application_average_interval:150
success_number:[0.0, 0.94]
total_cost:[0.0, 3564171.3640715457]
normalized_cost:[0.0, 19.664454535333153]
ccr:0.5
deadline_alpha:0.1
application_average_interval:150
success_number:[0.02, 0.948]
total_cost:[195586.12659895176, 3289273.175598548]
normalized_cost:[46.21978442756434, 17.984875995108297]
ccr:0.5
deadline_alpha:0.15000000000000002
application_average_interval:150
success_number:[0.406, 0.952]
total_cost:[3294152.4628670663, 3027387.344971447]
normalized_cost:[39.113033429101954, 16.482293268765403]
