ccr:0.5
deadline_alpha:0.0
application_average_interval:150
success_number:[0.0, 0.842]
total_cost:[0.0, 23583038.118222784]
normalized_cost:[0.0, 39.98902791921936]
